17,176
17,175
17,174
17,173
17,172
17,171
17,170
17,169
17,168
17,167
17,166
17,165
17,164
17,163
17,162
17,161
17,160
17,156
17,155
57,5
57,4
57,3
57,2
57,1
57,0
56,5
56,4
56,3
56,2
56,1
56,0
55,7
55,6
55,5
55,4
55,3
55,2
55,1
55,0
54,10
54,9
54,8
54,7
54,6
54,5
54,4
54,3
54,2
54,1
54,0
17,154
17,153
19,9
19,8
5,17
15,9
53,3
53,2
53,1
53,0
5,16
52,5
52,4
52,3
52,2
52,1
52,0
51,4
51,3
51,2
51,1
51,0
0,52
50,3
50,2
50,1
50,0
49,5
49,4
49,3
49,2
49,1
49,0
48,5
48,4
48,3
48,2
48,1
48,0
5,15
47,7
47,6
47,5
47,4
47,3
47,2
47,1
47,0
46,6
46,5
46,4
46,3
46,2
46,1
46,0
45,4
45,3
45,2
45,1
45,0
5,14
44,4
44,3
44,2
44,1
44,0
43,4
43,3
43,2
43,1
43,0
5,13
42,3
42,2
42,1
42,0
41,4
41,3
41,2
41,1
41,0
40,10
40,9
40,8
40,7
40,6
40,5
40,4
40,3
40,2
40,1
40,0
39,5
39,4
39,3
39,2
39,1
39,0
5,12
38,4
38,3
38,2
38,1
38,0
5,11
5,10
37,4
37,3
37,2
37,1
37,0
0,51
0,50
36,5
36,4
36,3
36,2
36,1
36,0
35,4
35,3
35,2
35,1
35,0
34,3
34,2
34,1
34,0
33,5
33,4
33,3
33,2
33,1
33,0
32,3
32,2
32,1
32,0
31,5
31,4
31,3
31,2
31,1
31,0
30,7
30,6
30,5
30,4
30,3
30,2
30,1
30,0
5,9
5,8
29,5
29,4
29,3
29,2
29,1
29,0
5,7
28,4
28,3
28,2
28,1
28,0
5,6
27,7
27,6
27,5
27,4
27,3
27,2
27,1
27,0
26,4
26,3
26,2
26,1
26,0
25,5
25,4
25,3
25,2
25,1
25,0
24,4
24,3
24,2
24,1
24,0
23,5
23,4
23,3
23,2
23,1
23,0
22,4
22,3
22,2
22,1
22,0
21,4
21,3
21,2
21,1
21,0
20,10
20,9
20,8
20,7
20,6
20,5
20,4
20,3
20,2
20,1
20,0
17,152
17,151
17,150
17,149
17,148
17,147
17,146
17,145
17,144
17,143
17,142
17,141
17,140
17,139
17,138
17,137
17,136
17,135
17,134
17,133
17,132
17,131
17,130
17,129
17,128
17,127
17,126
17,125
17,124
17,123
17,122
17,121
17,120
17,119
17,118
17,117
17,116
17,115
17,114
17,113
17,112
17,111
17,110
17,109
17,108
17,107
17,106
17,105
17,104
17,103
17,102
17,101
17,100
17,99
17,98
17,97
17,96
17,95
17,94
17,93
17,92
17,91
17,90
17,89
17,88
17,87
17,86
17,85
17,84
17,83
17,82
17,81
17,80
17,79
17,78
17,77
17,76
17,75
17,74
17,73
17,72
17,71
17,70
17,69
17,68
17,67
17,66
17,65
17,64
17,37
17,36
17,35
17,34
17,33
17,32
17,31
17,30
17,29
17,28
17,27
17,26
17,25
17,24
17,23
17,22
17,21
17,20
17,19
17,18
17,17
17,16
17,15
17,14
17,13
17,12
17,11
17,10
17,7
17,6
5,5
5,4
5,2
5,0
19,7
19,6
19,5
19,4
19,3
19,2
19,1
19,0
18,5
18,4
18,3
18,2
18,1
18,0
17,5
17,4
17,3
17,2
17,1
17,0
16,4
16,3
16,2
16,1
16,0
15,8
15,7
15,6
15,5
15,4
15,3
15,2
15,1
15,0
14,5
14,4
14,3
14,2
14,1
14,0
13,4
13,3
13,2
13,1
13,0
12,5
12,4
12,3
12,2
12,1
12,0
11,5
11,4
11,3
11,2
11,1
11,0
2,2
2,0
1,2
1,0
10,5
10,4
10,3
10,2
10,1
10,0
3,2
3,0
9,5
9,4
9,3
9,2
9,1
9,0
8,6
8,5
8,4
8,3
8,2
8,1
8,0
7,3
5,3
4,3
0,9
0,2
0,0
1,45
3,44
2,44
1,44
3,43
2,43
1,43
3,42
2,42
1,42
3,41
2,41
1,41
3,40
2,40
1,40
3,39
2,39
1,39
3,38
2,38
1,38
3,37
2,37
1,37
3,36
2,36
1,36
3,35
2,35
1,35
3,34
2,34
1,34
3,33
2,33
1,33
3,32
2,32
1,32
3,31
2,31
1,31
3,30
2,30
1,30
3,29
2,29
1,29
3,28
2,28
1,28
3,27
2,27
1,27
3,26
2,26
1,26
3,25
2,25
1,25
3,24
2,24
1,24
3,23
2,23
1,23
3,22
2,22
1,22
3,21
2,21
1,21
3,20
2,20
1,20
3,19
2,19
1,19
3,18
2,18
1,18
3,17
2,17
1,17
3,16
2,16
1,16
3,15
2,15
1,15
3,14
2,14
1,14
3,13
2,13
1,13
3,12
2,12
1,12
3,11
2,11
1,11
3,10
2,10
1,10
3,9
2,9
1,9
3,8
2,8
1,8
3,7
2,7
1,7
3,6
2,6
1,6
3,5
2,5
1,5
3,4
2,4
1,4
3,3
2,3
1,3
0,6
0,5
0,47
0,46
0,49
0,48
0,45
0,12
0,10
0,8
0,11
0,7
0,4
0,3
